4294967278,17
4294967279,360
4294967279,276
4294967278,20
4294967278,19
4294967278,18
4294967279,275
4294967278,565
4294967278,564
4294967278,563
4294967278,547
4294967278,256
22,5
4294967278,562
4294967278,561
4294967278,255
22,4
4294967278,22
4294967278,21
4294967278,520
4294967278,24
4294967278,23
4294967278,252
2,2
4294967278,250
4294967278,248
26,4
26,3
26,2
26,1
4294967278,246
4294967278,25
4294967278,245
4294967278,243
4294967278,240
4294967278,27
4294967278,26
4294967278,32
4294967278,31
4294967278,30
4294967278,29
4294967278,28
4294967278,239
4294967278,512
4294967278,44
4294967278,43
4294967278,42
4294967278,41
4294967278,40
4294967278,39
4294967278,38
4294967278,37
4294967278,36
4294967278,35
4294967278,34
4294967278,33
4294967278,236
4294967278,234
25,5
4294967278,232
25,4
25,3
25,2
25,1
4294967278,230
4294967278,229
4294967278,227
4294967278,225
4294967294,134
4294967294,441
4294967294,422
4294967294,425
4294967278,59
4294967278,58
4294967278,57
4294967278,56
4294967278,55
4294967278,54
4294967278,53
4294967278,52
4294967278,51
4294967278,50
4294967278,49
4294967278,48
4294967278,47
4294967278,46
4294967278,45
4294967279,78
4294967279,77
4294967279,75
4294967279,73
4294967279,72
4294967278,222
4294967278,220
4294967278,218
24,5
24,4
4294967278,216
24,3
24,2
24,1
4294967278,215
4294967278,214
4294967294,10
4294967294,968
4294967294,967
4294967294,966
4294967294,965
4294967294,964
4294967294,963
4294967294,962
4294967294,961
4294967294,960
4294967294,919
4294967294,918
4294967294,917
4294967294,916
4294967294,915
4294967294,913
4294967294,912
4294967294,911
4294967294,910
4294967294,909
4294967294,907
4294967294,905
4294967294,903
4294967294,902
4294967294,901
4294967294,421
4294967294,401
4294967294,190
4294967294,182
4294967294,176
4294967294,173
4294967294,170
4294967294,163
4294967294,162
4294967294,161
4294967294,387
4294967278,317
4294967278,211
4294967278,541
4294967278,540
4294967279,71
4294967279,69
4294967279,64
4294967279,63
4294967279,62
4294967279,61
4294967279,59
4294967279,58
4294967279,56
4294967279,55
4294967278,209
4294967294,899
4294967294,97
4294967294,104
4294967294,106
4294967294,166
4294967294,24
4294967294,189
4294967294,184
4294967294,384
4294967294,185
4294967294,1414
4294967278,208
4294967278,537
4294967278,206
4294967278,205
23,4
4294967278,204
23,3
23,2
23,1
4294967278,315
4294967294,8
4294967278,203
4294967279,52
4294967279,51
4294967279,50
4294967278,201
4294967294,428
4294967294,107
4294967278,312
4294967279,328
4294967279,49
4294967279,48
4294967279,47
4294967279,46
4294967279,43
4294967279,42
4294967279,40
4294967279,39
4294967279,36
4294967279,35
4294967279,32
4294967279,31
4294967278,311
4294967294,75
4294967294,18
4294967294,14
4294967294,126
4294967294,20
4294967294,13
4294967294,30
4294967294,944
4294967294,943
4294967294,941
4294967294,940
4294967294,935
4294967294,924
4294967294,896
4294967294,831
4294967294,830
4294967294,829
4294967294,828
4294967294,60
4294967294,1418
4294967279,28
4294967279,27
4294967279,26
4294967279,25
4294967279,23
4294967279,21
4294967279,16
4294967279,14
4294967279,13
4294967279,12
4294967279,10
4294967294,392
4294967278,196
4294967278,309
4294967294,438
4294967294,906
4294967294,186
4294967294,120
4294967278,195
4294967278,193
4294967294,91
4294967294,86
4294967294,85
4294967294,45
4294967294,38
4294967278,533
4294967294,7
4294967294,6
4294967294,99
4294967294,76
4294967294,469
4294967294,127
4294967294,19
4294967294,50
4294967294,424
4294967294,43
4294967294,36
4294967294,41
4294967294,44
4294967294,416
4294967294,52
4294967294,40
4294967294,12
4294967294,81
4294967294,971
4294967294,82
4294967294,1415
4294967294,83
4294967294,68
4294967294,11
4294967294,92
4294967294,88
4294967278,132
4294967278,131
4294967278,130
4294967278,129
4294967278,128
4294967278,127
4294967278,126
4294967278,125
4294967278,124
4294967278,123
4294967278,122
4294967278,121
4294967278,120
4294967278,119
4294967278,118
4294967278,117
4294967278,116
4294967278,115
4294967278,114
4294967278,113
4294967278,112
4294967278,111
4294967278,110
4294967278,109
4294967278,108
4294967278,107
4294967278,106
4294967278,105
4294967278,104
4294967278,103
4294967278,102
4294967278,101
4294967278,100
4294967278,99
4294967278,98
4294967278,97
4294967278,96
4294967278,95
4294967278,94
4294967278,93
4294967278,92
4294967278,91
4294967278,90
4294967278,89
4294967278,87
4294967278,86
4294967278,85
